2.8538793857072e-06,7.43737641485686,-19.006580652582,-4.43882995732353e-07,-63.5560429325611,-2.68206462321863e-06
94.5703269116089,22.3801974715874,-15.6137034762575,-1.1782237103031e-06,-52.0060960440391,-94.5703234002302
94.5850153040925,24.4030319676932,-16.3558384507626,-1.35048603846816e-06,-49.241126524955,-94.5850116305879
101.155817732754,25.9371380609403,-15.1141154145345,14.946411037693,-52.2619206791526,-110.677856217083
101.155810994371,23.9310157761283,-14.396530656054,14.436628389336,-54.8966318912369,-109.819461970519
2.8538793857072e-06,7.43737641485686,-19.006580652582,-4.43882995732353e-07,-63.5560429325611,-2.68206462321863e-06
99.1154831649258,30.180292465946,-6.3707747335059,-5.69468461801495e-06,-53.4489323138039,-9.1166193197119
99.1154831692405,32.0607608193222,-7.01271715191058,-6.00380393665255e-06,-50.9265215420463,-9.11557042238381
98.2827330259789,39.1291876483948,3.95440578003592,-1.86845671245235,-66.7135525285562,-7.36541422865449
98.2827334335878,37.4219110925002,4.57376056145208,-1.83786372478382,-69.038967401625,-7.44662854039671
2.8538793857072e-06,7.43737641485686,-19.006580652582,-4.43882995732353e-07,-63.5560429325611,-2.68206462321863e-06
2.8538793857072e-06,7.43737641485686,-19.006580652582,-4.43882995732353e-07,-63.5560429325611,-2.68206462321863e-06
94.5703279575724,23.653339827755,-16.1286834039685,-1.28997139893005e-06,-50.2179737601618,-94.5703243727493
94.5850153066642,25.7633478031151,-16.7605819577812,-1.47757641150083e-06,-47.4760671825147,-94.5850115470739
101.155817745165,27.298738020811,-15.4860228975313,15.3072357951318,-50.5884612686871,-111.256466777512
101.15581069281,25.2082946444406,-14.8783718083211,14.7582242061255,-53.1942801137915,-110.367129078192
2.8538793857072e-06,7.43737641485686,-19.006580652582,-4.43882995732353e-07,-63.5560429325611,-2.68206462321863e-06
99.7398333730973,25.8602118083456,-12.9005624582714,-5.59767788023741e-06,-51.2392252136325,-9.74096930601648
99.7398333743877,27.8747306204069,-13.5515646736156,-5.94980275234731e-06,-48.5737041862498,-9.73992036307532
98.7958954571371,34.7655995647147,-3.22903861775596,-2.0290233276662,-63.8813262630616,-7.71317670167017
98.7958960064556,32.9382622238438,-2.61460145543468,-1.9892813186719,-66.3216002282472,-7.80754964757879
2.8538793857072e-06,7.43737641485686,-19.006580652582,-4.43882995732353e-07,-63.5560429325611,-2.68206462321863e-06
2.8538793857072e-06,7.43737641485686,-19.006580652582,-4.43882995732353e-07,-63.5560429325611,-2.68206462321863e-06
86.4787566347242,23.7817531608352,-13.6136105495787,-1.79161442636616e-06,-52.6046332771355,-86.478752789525
86.4928863697457,25.7580398610945,-14.3528445138729,-1.98924345188194e-06,-49.8891125643378,-86.4928823270753
93.0337947299927,26.2947574182661,-14.5776304952424,15.534298051821,-50.8199320980807,-103.061566469132
93.033787592122,24.3005341724075,-13.8614129349145,14.9794747790173,-53.4349063619298,-102.158063658471
2.8538793857072e-06,7.43737641485686,-19.006580652582,-4.43882995732353e-07,-63.5560429325611,-2.68206462321863e-06
100.525251492932,27.7706819889482,-7.7626888416898,-1.08015626755148e-06,-54.4666262005548,-100.525248199584
100.537636135046,29.6313565713778,-8.48367838681758,-1.21611256689316e-06,-51.8849620269605,-100.537632719684
94.6616344805363,29.032220196696,-9.96678598778059,-15.4529495369557,-51.0465890215513,-84.9060489114132
94.6616408616899,27.148686158331,-9.23890646908351,-14.9241703361303,-53.5668365182114,-85.770639539968
2.8538793857072e-06,7.43737641485686,-19.006580652582,-4.43882995732353e-07,-63.5560429325611,-2.68206462321863e-06
2.8538793857072e-06,7.43737641485686,-19.006580652582,-4.43882995732353e-07,-63.5560429325611,-2.68206462321863e-06
94.2675852320888,26.8113309471229,-9.19059478920169,-1.43405043085666e-06,-53.9980712525143,-94.2675817000218
94.2803610671696,28.697948817414,-9.91674504641037,-1.59341290391314e-06,-51.3853030781776,-94.2803573836547
100.42857629149,30.1393135879953,-8.69828723866551,14.5896701473167,-54.2603935436431,-109.300983516444
100.428571024746,28.2669780525602,-7.99273963201496,14.1500205845644,-56.7576667265689,-108.524796940193
2.8538793857072e-06,7.43737641485686,-19.006580652582,-4.43882995732353e-07,-63.5560429325611,-2.68206462321863e-06
100.525250667501,26.6549824732113,-7.18904778152333,-9.94316197003105e-07,-56.1559667764581,-100.525247420803
100.537636131389,28.4333896646188,-8.01835878225604,-1.11974333957646e-06,-53.548248538281,-100.537632770217
94.6616344741924,27.8041683080126,-9.51714002139233,-15.1057101913232,-52.665000023917,-85.4681908227304
94.6616405931175,26.0033873566388,-8.68079587132763,-14.6131610919285,-55.2139843143791,-86.3047244975177
2.8538793857072e-06,7.43737641485686,-19.006580652582,-4.43882995732353e-07,-63.5560429325611,-2.68206462321863e-06
2.8538793857072e-06,7.43737641485686,-19.006580652582,-4.43882995732353e-07,-63.5560429325611,-2.68206462321863e-06
93.8431918734224,34.3513020265882,2.3553848107318,-1.80390477320386e-06,-58.0040797686677,-93.8431884311532
93.8534805687163,36.0326663180757,1.63408608315536,-1.93858437346232e-06,-55.6014167052372,-93.8534769944655
99.4048481517631,37.3669174239003,2.85008870469292,13.9575255828144,-58.2457574832306,-107.063089874316
99.4048446086148,35.6971873218685,3.55660749047992,13.6224865683124,-60.5535400954131,-106.405067705799
2.8538793857072e-06,7.43737641485686,-19.006580652582,-4.43882995732353e-07,-63.5560429325611,-2.68206462321863e-06
100.525249952295,25.5940350854591,-6.54579179874287,-9.15013482213406e-07,-57.8601701469911,-100.525246747554
100.53763612854,27.2880114141859,-7.48321375504491,-1.03040239982911e-06,-55.228771815925,-100.537632816334
94.6616344684555,26.629017821247,-8.99756689451572,-14.7821129848962,-54.3024204227499,-86.0119465190843
94.6616403331343,24.9132406711646,-8.05301053245297,-14.3241215519908,-56.8774444685193,-86.8221671767914
2.8538793857072e-06,7.43737641485686,-19.006580652582,-4.43882995732353e-07,-63.5560429325611,-2.68206462321863e-06
2.8538793857072e-06,7.43737641485686,-19.006580652582,-4.43882995732353e-07,-63.5560429325611,-2.68206462321863e-06
94.2675861128872,27.998145877693,-9.69578575848489,-1.53749748816412e-06,-52.3060653526626,-94.267582512957
94.2803610708928,29.9657940210262,-10.3132311031092,-1.70959836738748e-06,-49.7209718178666,-94.2803573098044
100.428576302616,31.4102582582823,-9.06355153512158,14.8981679486468,-52.6780473812347,-109.819193922666
100.428570848538,29.4590570274152,-8.46661156667651,14.427899983061,-55.1432431063552,-109.02103931817
2.8538793857072e-06,7.43737641485686,-19.006580652582,-4.43882995732353e-07,-63.5560429325611,-2.68206462321863e-06
100.525249346341,24.5891019843541,-5.83299841182985,-8.41938162234201e-07,-59.5778966350101,-100.525246179208
100.537636126409,26.1966535588359,-6.87835923466412,-9.47758121406814e-07,-56.9249841916559,-100.5376328583
94.6616344632662,25.508251895856,-8.40823236324929,-14.4810726559708,-55.9570759498029,-86.5384410878143
94.661640083439,23.879543835185,-7.35569020724617,-14.0560161826348,-58.555656923148,-87.3240797016829
2.8538793857072e-06,7.43737641485686,-19.006580652582,-4.43882995732353e-07,-63.5560429325611,-2.68206462321863e-06
2.8538793857072e-06,7.43737641485686,-19.006580652582,-4.43882995732353e-07,-63.5560429325611,-2.68206462321863e-06
100.525166261001,24.5788155306482,-5.82545718109914,-8.412081810757e-07,-59.5957243194459,-100.525163094234
100.537553077849,26.1854640082655,-6.87193786306105,-9.46931694492438e-07,-56.9425951138286,-100.53754981017
106.447735274221,28.3948716853481,-4.55602345070736,13.1590946719465,-61.1418661448251,-113.232618594277
106.447731189117,26.8183350961507,-3.52661212490986,12.8525808160458,-63.6809936354203,-112.570951212792
2.8538793857072e-06,7.43737641485686,-19.006580652582,-4.43882995732353e-07,-63.5560429325611,-2.68206462321863e-06
94.2675861128872,27.998145877693,-9.69578575848489,-1.53749748816412e-06,-52.3060653526626,-94.267582512957
94.2803610708928,29.9657940210262,-10.3132311031092,-1.70959836738748e-06,-49.7209718178666,-94.2803573098044
88.3027075214874,30.1294439403533,-10.6322685320174,-15.5871714039626,-50.6552053813433,-78.235258104326
88.3027139366084,28.1596726004708,-10.0127221496743,-15.050749387507,-53.1525786809004,-79.1044625676409
2.8538793857072e-06,7.43737641485686,-19.006580652582,-4.43882995732353e-07,-63.5560429325611,-2.68206462321863e-06
2.8538793857072e-06,7.43737641485686,-19.006580652582,-4.43882995732353e-07,-63.5560429325611,-2.68206462321863e-06
100.525166867827,25.5831619400539,-6.53897093615095,-9.14220583283842e-07,-57.8778641549877,-100.525163663495
100.537553081958,27.2762550245501,-7.47751444824634,-1.02950835206025e-06,-55.2462275123586,-100.537549770232
106.447735280225,29.4793258302883,-5.13018956275727,13.3759233839644,-59.5275069907237,-113.670670957394
106.44773106829,27.8190010260193,-4.20910819301749,13.0459310200034,-62.0406279848174,-112.994777395044
2.8538793857072e-06,7.43737641485686,-19.006580652582,-4.43882995732353e-07,-63.5560429325611,-2.68206462321863e-06
93.8431918734224,34.3513020265882,2.3553848107318,-1.80390477320386e-06,-58.0040797686677,-93.8431884311532
93.8534805687163,36.0326663180757,1.63408608315536,-1.93858437346232e-06,-55.6014167052372,-93.8534769944655
88.4724460583509,36.1571536007068,1.29995053426488,-14.4613091920361,-56.3238156240365,-80.3000118757913
88.4724501121554,34.4755598336594,2.02530468931218,-14.0830716450218,-58.6565059400881,-81.0036217372347
2.8538793857072e-06,7.43737641485686,-19.006580652582,-4.43882995732353e-07,-63.5560429325611,-2.68206462321863e-06
2.8538793857072e-06,7.43737641485686,-19.006580652582,-4.43882995732353e-07,-63.5560429325611,-2.68206462321863e-06
100.525167583815,26.6435343518826,-7.18294874685496,-9.93457221946718e-07,-56.1735139324544,-100.525164337574
100.537553086801,28.4210798945629,-8.01338351833109,-1.11877827691053e-06,-53.5655335722611,-100.537549726161
106.447735330571,30.616070632159,-5.63455857062993,13.6084712767169,-57.9316758930705,-114.118628042466
106.44773098796,28.8740017958897,-4.82180620570771,13.2542789860783,-60.4166519724031,-113.427604624155
2.8538793857072e-06,7.43737641485686,-19.006580652582,-4.43882995732353e-07,-63.5560429325611,-2.68206462321863e-06
94.2675852320888,26.8113309471229,-9.19059478920169,-1.43405043085666e-06,-53.9980712525143,-94.2675817000218
94.2803610671696,28.697948817414,-9.91674504641037,-1.59341290391314e-06,-51.3853030781776,-94.2803573836547
88.3027075195994,28.8462403600952,-10.2524730853291,-15.2350742365184,-52.2584248783792,-78.8002692498155
88.3027136842759,26.9570063614942,-9.52416199972458,-14.7345770882378,-54.7870092091176,-79.6419200547852
2.8538793857072e-06,7.43737641485686,-19.006580652582,-4.43882995732353e-07,-63.5560429325611,-2.68206462321863e-06
2.8538793857072e-06,7.43737641485686,-19.006580652582,-4.43882995732353e-07,-63.5560429325611,-2.68206462321863e-06
100.525168416987,27.7586740021761,-7.75731150782483,-1.07922802603412e-06,-54.484011521191,-100.525165124145
100.537553099223,29.6185103080408,-8.47942727759257,-1.2150730988647e-06,-51.9020593995218,-100.537549684448
106.447735299793,31.8036756279858,-6.06909063021445,13.8571947205127,-56.3559008079207,-114.57703186137
106.447730824159,29.9820475866528,-5.36471481504459,13.4780900865974,-58.8104087799651,-113.870022865174
2.8538793857072e-06,7.43737641485686,-19.006580652582,-4.43882995732353e-07,-63.5560429325611,-2.68206462321863e-06
86.4787566347242,23.7817531608352,-13.6136105495787,-1.79161442636616e-06,-52.6046332771355,-86.478752789525
86.4928863697457,25.7580398610945,-14.3528445138729,-1.98924345188194e-06,-49.8891125643378,-86.4928823270753
80.3170315669366,26.8444825779078,-13.29776396542,-14.898119182505,-52.8522808000413,-70.9780174604848
80.3170380483014,24.8923708004158,-12.5636842908703,-14.4070740950961,-55.4511616370296,-71.816258734358
2.8538793857072e-06,7.43737641485686,-19.006580652582,-4.43882995732353e-07,-63.5560429325611,-2.68206462321863e-06
2.8538793857072e-06,7.43737641485686,-19.006580652582,-4.43882995732353e-07,-63.5560429325611,-2.68206462321863e-06
99.7398289444934,25.8471823830864,-12.8956474356606,-5.5954653544717e-06,-51.2571696615027,-9.74096487986001
99.739828945777,27.8608466055009,-13.5477847501051,-5.94730790626595e-06,-48.5913681246666,-9.73991593714256
100.967402317905,21.7431136419126,-23.7577640554771,4.1890065888193,-32.7829705976415,-14.2571523087396
100.967397703784,19.4401211584942,-23.1226185208813,3.88510455976268,-35.7138312419586,-13.8896219318982
2.8538793857072e-06,7.43737641485686,-19.006580652582,-4.43882995732353e-07,-63.5560429325611,-2.68206462321863e-06
94.5703279575724,23.653339827755,-16.1286834039685,-1.28997139893005e-06,-50.2179737601618,-94.5703243727493
94.5850153066642,25.7633478031151,-16.7605819577812,-1.47757641150083e-06,-47.4760671825147,-94.5850115470739
88.1814711015999,25.940858366693,-17.0865102544927,-16.1071879500264,-48.5002481569758,-77.3085754437896
88.1814795224427,23.8269052547319,-16.4537816026667,-15.4758615034691,-51.143338933633,-78.2868419260324
2.8538793857072e-06,7.43737641485686,-19.006580652582,-4.43882995732353e-07,-63.5560429325611,-2.68206462321863e-06
2.8538793857072e-06,7.43737641485686,-19.006580652582,-4.43882995732353e-07,-63.5560429325611,-2.68206462321863e-06
99.1154852073559,30.1681320496483,-6.36592534550169,-5.69273064922013e-06,-53.4659421181058,-9.116621364336
99.1154852116696,32.0477969509886,-7.00899279043433,-6.00162645318639e-06,-50.9432097718559,-9.11557246717396
100.183802815818,25.8295137006578,-17.6997147413621,3.70093669883571,-34.711569133265,-13.0095519774227
100.183799676359,23.686910243604,-17.0853248346558,3.46451003212943,-37.4631818602095,-12.7170727740792
2.8538793857072e-06,7.43737641485686,-19.006580652582,-4.43882995732353e-07,-63.5560429325611,-2.68206462321863e-06
94.5703269116089,22.3801974715874,-15.6137034762575,-1.1782237103031e-06,-52.0060960440391,-94.5703234002302
94.5850153040925,24.4030319676932,-16.3558384507626,-1.35048603846816e-06,-49.241126524955,-94.5850116305879
88.1814711017515,24.5636987687105,-16.6985351914703,-15.6919449843442,-50.19787598187,-77.9459160064812
88.1814791053453,22.536408162166,-15.9554113991956,-15.107317665046,-52.8688922152306,-78.8854672510213
2.8538793857072e-06,7.43737641485686,-19.006580652582,-4.43882995732353e-07,-63.5560429325611,-2.68206462321863e-06